860
804
758
404
651
842
944
133
358
479
973
776
954
486
102
477
966
381
639
886
19
275
36
203
550
76
234
312
241
43
695
781
510
943
196
134
398
425
497
916
634
677
594
45
903
559
369
951
591
568
860
339
150
193
513
663
450
127
183
380
655
112
943
786
666
485
290
88
596
832
444
232
249
511
714
362
449
522
72
648
415
946
158
691
881
658
228
220
783
867
651
229
111
530
654
953
607
781
481
976
765
230
704
744
708
358
468
745
664
510
690
943
660
570
788
454
562
431
947
457
611
991
45
827
199
714
308
802
735
591
680
880
160
580
894
28
171
930
768
577
660
452
935
733
136
369
390
508
354
136
369
246
655
68
86
438
248
104
314
69
568
316
183
407
7
561
789
644
382
882
143
537
748
299
679
824
305
214
380
797
81
116
883
603
986
73
572
463
858
395
7
402
747
460
295
837
800
182
629
368
73648910
